
1 oscar 63147610 986408779
2 yair 7654321 98743533
3 wesley 76532342 984363464
1 oscar 63147610 986408779
2 yair 7654321 98743533
3 wesley 76532342 984363464
168626720 34525 23424 2342
0 Wesley Rivaldo Laura
1 oscar 63147610 986408779
2 yair 7654321 98743533
3 wesley 76532342 984363464
1 oscar 63147610 986408779
2 yair 7654321 98743533
3 wesley 76532342 984363464
168626720 34525 23424 2342
0 Wesley Rivaldo Laura
168626720 Wesley 60172851 931982311
1 wesley 6241414 987353553
2 stip 6542121 9873535
3 dante 72141244 98242142
3 cristian 7533252 98352535
4 luciano 733252532 93425643
6 yair 74144444 983235232
